# n
200
# seed
0
# w
27
# H^transpose (each line corresponds to column of H, the identity part is omitted)
1101111110010010100110111011100010110100000100110110101101101000011000000110011111010110001001011000
0000000101000000100010100011100100101110000011010011111100101010011110111000100011101100101011001111
0100001110000000011001100110101001000011101111001100011110100100111010100100111110011110101101100100
0000100111101010101010001001110000001110010111111000111001011100000001011001110001011110000111011111
1000011001101001101110010000101011001101011000111011000110000110011001001001110111010010110001000000
0110000101110001111110001010001000111000100011101110011011011101110001001101100110110101011001010110
1011001001111011100001110000111000111111000011101111011110110100011100010100011001001111011101010001
1111100100100001000101111011111011000010100010101010011111000100100111111100100111011110000001010110
0010011110101111100000100101001101010001101110001100100000100001101001111000111010101110001011011010
1001010000001001100110110111011100110000010000000101001110010110101011111011101011011100101101110010
1001000111111110000101011001100000111110111110100011101001001100010101010001011111110101010111101101
1011000110000101011011001100001001010001011111010000100101010100100011111100100001001011001010111111
0011010100010010111100110001101001001100000010110001100100111010001000010000001011100101001101101101
0110111010101100010111011001110101101100101110110111010001001110010000000011110110110110111111100000
0010100001110111100000010111001010101101010111110010101001110110010100000001101110000111001110011011
0010111100111011111110110101001100111101110100111010010101000100001000001001000011101010101111001001
0001010100101101101110101011101011010111001111000100010101101100101010101010011000000100111100111111
1000001101001001100011100100111000010110110111010001101111001000010011101110010010110101010001001000
0101101100110100111000100101101100110101100010111000101110111101100011000100010110011111100100001001
0001000001010010110110000000111111100000001010100111110010111110111111110010100111111001100001000011
0000101111010000110101001010001000111001011111101001111010000110111010000001110100100010010111010000
0111101000010000101010010111110011111100011000001001111111100111000101100001010111110011001011100101
1110110111001011010100100110010010111011100000101111110001011111100000100000101001100000011101000100
0110101000001001010011101001111101100100010110001111011100011101010010100000011000010000011110110001
0000011011111001100010011010011010011110010100110011000011001101001000011110000100000000010111100010
1111101000000110110110101101101010110111000101101111011000110011101100011101111100100011010101011010
0001110011101100001010100100001001101010001010110110101011111111000110111000100110011111000010011001
0110011110001111011101110111111110101111001010100100000001101111001000111110111001011010100010110000
0010000000000110011000110000011111000111110000100001101100011001011000110111010101101010110100110010
0110100010100001111100110101001110011101000100010111111101111110101110010100111111001011000010111011
1100111010000100011000101011011010001110011100111111010101001111110010101001100101100111110010001001
0010111000000101000110111011000011011110010100001101001000111111001001100011111011001000000011000001
1110100010100001111111111111111001111001000010010101000000000110011010011001000011101100100011011010
1110101100110001101111010100111011010101000110110100000010011111101110101101100100110110100011000001
1000011001000001010010110101101110101001010111001000001100000111010110100110011000000111100110101010
1101100011000001010001101000111001010111101011010000101011001010100110001101100010111100110011111101
0101000101011001110000001110100100100100011110001110110100011111011011110011100101000010100011100111
0010000001000111111000000000011110100111010111011111011011001000001100101110111110101001111100111100
0011110110110111101010111101001000111010011001010100001110111110001011000001001110110011110100001000
0000001101110001110110101100000100111110111010101101111010001100100110011010011111101001010100101111
0101010101100010100111100111101111010011010110110001001000001110011011110001111001101100001101110000
1100001010101000100011000110011101000110001101001001101000000110100010101101110100111110010011011010
1101010000111101011010010000011000000011100100011000001111001010011111100101101111110011000101011011
1011000110110000111110110000001101100100000011101100001101010110111000001110011000101111000010100001
1111110010000110111100101100101010111100110001100010101110001011001100011011100100111100010010010000
1110011001110101100011011000101011100010110011011001111010111110101111011010010001110011110000100110
0100100010100000011100000011011000110010001001111001100010110000001001110010110001111001111001100011
0000011010101010111010111100111100010000110001001111111101010111000110011001001100000011011010101010
1110100110000101011100000101000111111000111110001110001001010110011011011111111001100101101011000100
1000011100100100111001100111111101011110111011110011111011101101011001000100111010011110100010011010
0100010110010001011111101011100111100000100111010010110001110110111001110100101100000100111100110110
1101010010110110111011111100100010000000100010011010000000000110110110101000111000100100010001111010
1111000110101000110110001000001011001110000100111000001100011000000010110110010011001010110101001101
1000100111101100010000110000011101110011101010010100110000100111010110111011111100100011111011001100
0001100111101111000100001011110110100011101101001100101101000010110100111110000000100101101000001111
1010011001110111011110010101000100011011011100011110011001011101100001100011000011011101110011110000
1001010000001111111011011110000100001111110011110000100110100011001111111001010000110110100111000110
0010000000000000011101011010001100011101100001011000010010010111010111111001000010000111111000010100
1110010001000000001101000000111011000010001001111011111010110010000110011001111111000000111101011111
0010110011110101001011111010001011011110110111101100011010100011010101001001111110000110101101111010
0111110000101100011111001001101100110101101111111100000110100011010011001010010011100110110111110101
1000001101000111011111111100110000111010000101110010010000000101011000110011010001011111011101001011
1110001010000011100000010100010010110001101011010001000000110010001111011110001011000110101000011100
0100010001010101101101001110000011001011100101101000010011100000100011101101101001101100001110010000
0111100010001001110111111110110001101110001011101011100100101101111111100101101010001101001100101001
1100101110100010010101000000010010010010010100011010101001111100110001111000111110100101110101111000
0101011010101011100001111101001001010110101111111100111000010010011001100111011011111100000011010000
1001110010101111100110111110101100101001000111010000101010011111100110101111000111000101111101010111
1001000110011101101111101000110011000011001011011111101110011111110111001010100110010101011000101100
0100101011001111010000000111000100001010111100101100100010100100001111111001010110110111010000001101
0010000100100000000001101110101000101101011101101010111111100100111111000010110100000001100111101010
0001101000110011111111111001011111000100001111010001101011011010101010011100001000001010010011001001
0011100000010001000010101110001111011100001001101011101100110011011111111110010101101000010000001110
1010101100100111001111111110001110010110110001111100100010011010000011101100110011101101101100100010
1101010100101000100100111000100110101010000101001001000001100101111000110000111100111010000100101000
1000000001111011111100001101101100110001111000101010011111101001100101100101110000000010000101110010
1011110010110010001100100100011111001111101101011101010000001111101111101100001001000101101001011001
1000101001100101010101011011000001011001100110001100110100001001111111010100010111011010110000111110
0111001010101111100010000100100000111100001001010011111000001110010101001101000101001110110100101001
1100010100111000101011010010010011110011100100101000101001010000010111011110101100100001100000010110
0010011111111100100110111011010101001101010100011100011101011010101111101101101100001011111000111010
0010111101101111001000100010100011010010011111001001000001110101011001011001000100001110111000001011
0001000000001010101001001100110001110111101101001110010010100101001111000111111111100011011110000100
1010111000100100001000100101111100010010111010010011100000100011101011000111011000101001000100011001
0111100101001000101011010100000110011011101100010100100011101101001011010010001001011100100010100101
0011110011000101111111011000011111101110100001100011110100001000111111001100011100000111011100011011
1111010111000010110110010011111110001000111010101101111011011100001100111101001011101010100000011001
1100100010011111100100111110101010000111111100100110110010011101101100101111101000000100100010100010
1001111000000110001000100001111101000001001000011100000101010011000100111011101111011110010001001101
0100001000011010100101001100010111111100101111010011100100011011000010101000100011110000100101111111
0101110001111000110101000001100100000000100001110110110010111001101000100101000000101001111010000110
1000000100010000000000101110001111000001010011100100101110110100000110011111100100100101010000010011
1101010000110101110000101100111011011110100101000010001001001000101001110110001100011111000001011100
0101110001000101100010001011100110110100000110111101110001100100101010010101010100111001110010001001
0011000100011001100010111011010100001001001011111000111011111011011111101110010100100011101001110110
0100101100011011010111010110001011111101110000101001100000001110010111010001110101100111101110101001
0100001110010010110111010111011000100001101101001101101100101111011001101100010100100110111100011101
0010101010010110001000111111100011110100111110110101111111111000100000111111111101001001101100000100
1111000011110010000001010100010011111110001001001110011101011010000010000101000110110001010111011100
1100010100110010000000100010010001110011100001000100001101110010100010111110000110111000101111110001
# s^transpose
1000100011111111100110111110010110011110010000000011001001110001010010001000110101000001111000111101
